lego
348	651	1309	2235	3151	6223	9295	15132	30479	61399
3300	2100	3900	2100	1320	1560	1200	1020	660	660
3648	2751	5209	4335	4471	7783	10495	16152	31139	62059
24.46	26.26	27.91	28.86	29.35	30.33	30.92	31.3	31.87	32.04
28.82	29.78	30.86	31.54	31.83	32.34	32.62	32.66	32.88	32.92
0.859	0.89	0.916	0.93	0.936	0.948	0.953	0.958	0.963	0.965
0.938	0.947	0.955	0.96	0.962	0.966	0.968	0.969	0.971	0.971
ficus
346	649	1305	2228	3142	6206	9270	15541	30879	61704
2700	1440	2640	1380	900	1200	960	780	480	480
3046	2089	3945	3608	4042	7406	10230	16321	31359	62184
24.04	25.63	26.57	27.49	28.05	28.89	29.28	29.91	30.38	30.51
26.25	27.51	28.4	29	29.38	29.94	30.16	30.53	30.77	30.84
0.9	0.919	0.931	0.942	0.947	0.955	0.959	0.963	0.967	0.968
0.934	0.945	0.953	0.958	0.96	0.964	0.966	0.968	0.97	0.971
hotdog
343	647	1306	2233	3193	6271	9344	15528	30868	61866
5100	2940	6600	3360	1680	2040	1560	900	720	660
5443	3587	7906	5593	4873	8311	10904	16428	31588	62526
28.8	30.9	32.18	33.14	33.71	34.51	35	35.44	36.02	36.17
33.12	34.44	35.25	35.71	36	36.29	36.47	36.61	36.78	36.8
0.934	0.947	0.955	0.961	0.964	0.968	0.97	0.974	0.976	0.977
0.967	0.973	0.977	0.978	0.979	0.98	0.981	0.982	0.982	0.982
ship
364	706	1445	2491	3554	6860	9936	16159	31462	61827
1980	1380	1260	1140	780	1620	1020	1260	900	756
2344	2086	2705	3631	4334	8480	10956	17419	32362	62583
23.54	24.78	23.54	26.39	26.71	27.23	27.55	27.97	28.4	28.54
26.61	27.67	26.61	28.64	28.76	29	29.15	29.31	29.44	29.5
0.785	0.8	0.785	0.825	0.831	0.84	0.846	0.853	0.86	0.863
0.838	0.857	0.838	0.871	0.874	0.878	0.88	0.883	0.885	0.885
drums
345	648	1305	2229	3144	6208	9272	15506	30851	61600
1200	1260	1920	1020	840	1020	1020	1020	780	720
1545	1908	3225	3249	3984	7228	10292	16526	31631	62320
21.68	22.44	23.14	23.62	23.95	24.32	24.5	24.74	24.96	25.01
24.3	24.57	24.9	25.07	25.17	25.27	25.31	25.33	25.34	25.32
0.869	0.885	0.896	0.905	0.909	0.916	0.919	0.922	0.926	0.927
0.915	0.92	0.925	0.927	0.929	0.931	0.931	0.932	0.933	0.933
materials
350	653	1311	2237	3154	6224	9294	15561	30962	61514
3000	2460	4500	3180	1860	3240	3060	1800	1200	1200
3350	3113	5811	5417	5014	9464	12354	17361	32162	62714
23.74	24.86	26.14	27.26	27.66	28.27	28.71	29.02	29.46	29.57
26.43	27.1	27.91	28.62	28.87	29.2	29.45	29.57	29.75	29.8
0.885	0.901	0.918	0.931	0.935	0.942	0.945	0.948	0.951	0.952
0.924	0.932	0.939	0.945	0.948	0.95	0.952	0.953	0.955	0.955
chair
345	648	1306	2231	3149	6220	9291	15576	30949	60586
1260	1320	3180	1140	960	1080	960	780	540	540
1605	1968	4486	3371	4109	7300	10251	16356	31489	61126
26.2	27.14	27.97	28.54	28.63	29.26	29.65	30.07	30.74	30.94
31.26	32.28	32.74	33.02	33.17	33.32	33.47	33.52	33.61	33.53
0.89	0.901	0.912	0.92	0.923	0.931	0.936	0.942	0.949	0.952
0.96	0.966	0.97	0.972	0.974	0.974	0.976	0.977	0.977	0.977
mic
322	627	1293	2229	3200	6365	9415	15583	30903	61679
600	660	540	660	540	540	480	540	300	360
922	1287	1833	2889	3740	6905	9895	16123	31203	62039
23.6	26.27	27.94	29.06	29.76	30.66	31.28	32.06	32.66	32.4
27.83	31.57	32.27	32.73	33.08	33.57	33.71	33.89	33.91	33.57
0.922	0.939	0.951	0.959	0.964	0.969	0.973	0.977	0.981	0.98
0.967	0.978	0.98	0.982	0.983	0.985	0.986	0.987	0.987	0.986