lego
1048	2374	3582	4779	5965	16721	27109	41306	55129	68767
22.99	24.72	25.13	25.55	25.87	27.17	27.62	28.28	28.54	28.73
0.812	0.85	0.86	0.869	0.875	0.906	0.915	0.928	0.933	0.936

ship
1039	2372	3622	4907	6130	17646	29019	46340	63405	81615
22.27	24.06	24.27	24.51	24.62	25.47	25.66	26.03	26.13	26.2
0.751	0.783	0.79	0.796	0.799	0.822	0.829	0.843	0.848	0.851

mic
998	2016	2901	3777	4673	12585	20336	30509	40601	50709
25.11	26.78	27.31	27.71	27.68	28.24	28.22	28.38	28.4	28.39
0.926	0.944	0.949	0.952	0.952	0.958	0.958	0.961	0.962	0.963

materials
1002	2349	3572	4779	5974	16344	26336	39924	53049	66155
21.7	23.8	24.33	24.74	24.94	25.89	26.19	26.55	26.62	26.67
0.846	0.874	0.885	0.891	0.894	0.915	0.921	0.929	0.931	0.932

hotdog
963	2272	3395	4514	5623	16772	27863	45371	62504	79425
28.52	30.49	30.9	31.17	31.23	32.05	32.33	32.51	32.46	32.6
0.923	0.943	0.946	0.949	0.95	0.958	0.961	0.964	0.965	0.966

ficus
948	2094	3166	4216	5259	14852	24186	36059	47767	59424
23.15	25.31	25.6	25.87	26.17	27.87	28.01	28.98	28.96	29.04
0.879	0.914	0.917	0.921	0.926	0.947	0.95	0.96	0.96	0.961

drums
1061	2225	3302	4368	5433	14750	23841	35472	46854	58124
20.55	21.94	22.22	22.44	22.53	23.4	23.43	23.65	23.62	23.56
0.832	0.871	0.877	0.879	0.882	0.9	0.903	0.909	0.91	0.91

chair
1002	2190	3263	4326	5375	14933	24293	37249	50154	62948
26.06	27.59	28.02	28.01	27.83	29.16	29.49	29.89	30.08	30.2
0.883	0.907	0.914	0.914	0.915	0.933	0.937	0.944	0.947	0.949
