../logs/mip/chair
0.2833 0.5667 0.85 1.1333 1.4167 1.7 1.9833 2.2667 2.55 2.8333 5.665 8.4975 11.33 14.1625 16.995 19.8275 22.66 25.4925 28.325
27.9078 29.2919 30.1026 30.5904 31.1091 31.5694 31.8451 31.9528 32.2643 32.4557 33.5909 34.1985 34.5715 34.7876 34.9105 34.9966 35.0446 35.0795 35.0946
0.9096 0.9281 0.9396 0.9459 0.9512 0.9557 0.9586 0.9601 0.9624 0.9638 0.9722 0.9759 0.9778 0.9788 0.9794 0.9797 0.9799 0.9801 0.9802

../logs/mip/drums
0.2833 0.5667 0.85 1.1333 1.4167 1.7 1.9833 2.2667 2.55 2.8333 5.6667 8.5 11.3333 14.1667 17.0 19.8333 22.6667 25.5 28.3333
22.5647 23.6351 24.0425 24.2445 24.5174 24.6492 24.7257 24.8665 24.9484 25.0709 25.3407 25.4521 25.5383 25.549 25.5617 25.5685 25.5787 25.574 25.577
0.8841 0.9026 0.9084 0.9134 0.9174 0.9188 0.9203 0.9221 0.9232 0.9244 0.929 0.9308 0.9321 0.9324 0.9327 0.9328 0.9329 0.9329 0.9329

../logs/mip/ficus
0.2833 0.5667 0.85 1.1333 1.4167 1.7 1.9833 2.2667 2.55 2.8333 5.6644 8.4967 11.3289 14.1611 16.9933 19.8256 22.6578 25.49 28.3222
25.238 27.5283 28.6372 29.3224 29.6963 30.0112 30.3341 30.5787 30.8126 30.9515 32.2389 32.6977 33.0341 33.1902 33.2891 33.3407 33.3829 33.4182 33.4266
0.9186 0.943 0.9522 0.9573 0.9607 0.9628 0.9652 0.9668 0.9677 0.9689 0.9756 0.9776 0.9789 0.9796 0.9799 0.9801 0.9803 0.9804 0.9804

../logs/mip/hotdog
0.2836 0.5672 0.8508 1.1344 1.4181 1.7017 1.9853 2.2689 2.5525 2.8361 5.6656 8.4983 11.3311 14.1639 16.9967 19.8294 22.6622 25.495 28.3278
30.2737 32.7686 33.5094 33.9853 34.4896 34.9785 35.0467 35.2953 35.7207 35.6479 36.4706 36.9099 37.1319 37.236 37.306 37.3622 37.3802 37.3935 37.4033
0.9431 0.9572 0.9614 0.9642 0.9671 0.9693 0.9703 0.9712 0.973 0.9732 0.9776 0.9793 0.9802 0.9805 0.9809 0.981 0.9811 0.9812 0.9812

../logs/mip/lego
0.2833 0.5667 0.85 1.1333 1.4167 1.7 1.9833 2.2667 2.55 2.8333 5.6656 8.4983 11.3311 14.1639 16.9967 19.8294 22.6622 25.495 28.3278
26.3962 28.543 29.653 30.6052 31.3857 31.7489 32.2461 32.371 32.6979 32.7705 34.2266 34.8699 35.1754 35.4181 35.5449 35.644 35.6842 35.7201 35.7291
0.8832 0.9186 0.935 0.9446 0.9508 0.9547 0.9585 0.9597 0.9619 0.9626 0.9711 0.9741 0.9756 0.9765 0.977 0.9774 0.9775 0.9777 0.9777

../logs/mip/materials
0.2833 0.5667 0.85 1.1333 1.4167 1.7 1.9833 2.2667 2.55 2.8333 5.6656 8.4983 11.3311 14.1639 16.9967 19.8294 22.6622 25.495 28.3278
24.1548 26.4187 27.3601 27.724 27.8461 28.747 28.6161 29.01 29.0197 29.2609 30.1168 30.3223 30.519 30.5825 30.6208 30.6425 30.6616 30.6692 30.6649
0.8896 0.92 0.9308 0.9353 0.9383 0.944 0.9442 0.947 0.9473 0.9491 0.9549 0.9565 0.9577 0.9581 0.9583 0.9584 0.9585 0.9586 0.9586

../logs/mip/mic
0.2831 0.5661 0.8492 1.1322 1.4153 1.6983 1.9814 2.2644 2.5475 2.8306 5.6639 8.4958 11.3278 14.1597 16.9917 19.8236 22.6556 25.4875 28.3194
28.2757 29.6323 30.4321 31.1031 31.6949 31.7129 32.2777 32.4257 33.0254 33.1841 34.7208 35.4438 35.8143 36.0468 36.1849 36.2565 36.3045 36.3425 36.3624
0.9521 0.9617 0.9669 0.971 0.9736 0.9751 0.9774 0.9785 0.9805 0.9813 0.9868 0.9886 0.9895 0.99 0.9902 0.9904 0.9905 0.9906 0.9906

../logs/mip/ship
0.2836 0.5672 0.8508 1.1344 1.4181 1.7017 1.9853 2.2689 2.5525 2.8361 5.6683 8.5025 11.3367 14.1708 17.005 19.8392 22.6733 25.5075 28.3417
24.6046 26.2542 27.1448 27.4372 27.7843 28.038 28.2372 28.4721 28.5625 28.7282 29.5396 29.9054 30.1152 30.274 30.3702 30.408 30.4443 30.4558 30.4775
0.7934 0.8191 0.8317 0.8377 0.8431 0.8482 0.8517 0.8547 0.8567 0.8585 0.8707 0.8757 0.8784 0.8804 0.8815 0.8821 0.8825 0.8826 0.8829

../logs/mip_vax_c128f128/chair
0.0611 0.1222 0.1833 0.2444 0.3056 0.3667 0.4278 0.4889 0.55 0.6111 1.2294 1.8442 2.4589 3.0736 3.6883 4.3031 4.9178 5.5325 6.1472
28.5143 29.7255 30.562 30.9878 31.3977 31.7397 31.9913 32.093 32.4977 32.6437 33.7125 34.2774 34.6326 34.8443 34.9712 35.0449 35.1071 35.1347 35.1526
0.9191 0.9343 0.9446 0.95 0.9543 0.958 0.9602 0.9614 0.9642 0.9653 0.9733 0.9766 0.9783 0.9792 0.9798 0.9801 0.9803 0.9804 0.9805

../logs/mip_vax_c128f128/drums
0.0653 0.1306 0.1958 0.2611 0.3264 0.3917 0.4569 0.5222 0.5875 0.6528 1.3094 1.9642 2.6189 3.2736 3.9283 4.5831 5.2378 5.8925 6.5472
23.0675 23.7848 24.1175 24.4202 24.5958 24.7708 24.7717 24.9318 24.9705 25.0279 25.2978 25.3835 25.462 25.4608 25.4659 25.4658 25.4669 25.4694 25.467
0.8927 0.9051 0.9103 0.9157 0.9182 0.9201 0.9213 0.9236 0.9237 0.9247 0.9288 0.9306 0.9318 0.9321 0.9323 0.9323 0.9323 0.9324 0.9324

../logs/mip_vax_c128f128/ficus
0.0461 0.0922 0.1383 0.1844 0.2306 0.2767 0.3228 0.3689 0.415 0.4611 0.9311 1.3967 1.8622 2.3278 2.7933 3.2589 3.7244 4.19 4.6556
26.1961 27.9697 28.8266 29.2582 29.5965 29.9323 30.073 30.4013 30.669 30.8452 31.821 32.2409 32.5067 32.6767 32.7613 32.8362 32.858 32.8925 32.9039
0.927 0.9454 0.9528 0.9573 0.9602 0.9622 0.9642 0.9657 0.9673 0.9678 0.9736 0.9757 0.9769 0.9777 0.978 0.9783 0.9784 0.9785 0.9786

../logs/mip_vax_c128f128/hotdog
0.0911 0.1822 0.2733 0.3644 0.4556 0.5467 0.6378 0.7289 0.82 0.9111 1.8261 2.7392 3.6522 4.5653 5.4783 6.3914 7.3044 8.2175 9.1306
31.3123 33.1707 33.864 34.3412 34.6004 35.1245 35.0671 35.377 35.7008 35.6659 36.4599 36.8793 37.0643 37.2109 37.2688 37.3311 37.3578 37.3741 37.3752
0.9513 0.9601 0.9638 0.9667 0.9684 0.9706 0.9712 0.9723 0.9739 0.9738 0.978 0.9796 0.9804 0.9808 0.9812 0.9813 0.9814 0.9815 0.9815

../logs/mip_vax_c128f128/lego
0.0761 0.1522 0.2283 0.3044 0.3806 0.4567 0.5328 0.6089 0.685 0.7611 1.5256 2.2883 3.0511 3.8139 4.5767 5.3394 6.1022 6.865 7.6278
27.209 29.2418 29.9409 30.9842 31.6336 32.0293 32.2747 32.4939 32.7693 32.814 34.2461 34.8905 35.1807 35.3856 35.524 35.605 35.6568 35.6962 35.7002
0.8996 0.9273 0.9383 0.9478 0.9532 0.9569 0.9594 0.9605 0.9629 0.9638 0.9714 0.9743 0.9757 0.9764 0.9769 0.9772 0.9774 0.9775 0.9775

../logs/mip_vax_c128f128/materials
0.0706 0.1411 0.2117 0.2822 0.3528 0.4233 0.4939 0.5644 0.635 0.7056 1.4178 2.1267 2.8356 3.5444 4.2533 4.9622 5.6711 6.38 7.0889
25.5888 26.7472 27.3735 27.8504 28.1114 28.6846 28.7552 28.9458 29.1947 28.9952 30.071 30.2777 30.4553 30.5034 30.5636 30.5901 30.6038 30.6044 30.6055
0.9082 0.9242 0.9312 0.937 0.9408 0.9443 0.9455 0.947 0.9483 0.948 0.955 0.9566 0.9577 0.958 0.9583 0.9585 0.9585 0.9586 0.9586

../logs/mip_vax_c128f128/mic
0.0428 0.0856 0.1283 0.1711 0.2139 0.2567 0.2994 0.3422 0.385 0.4278 0.8606 1.2908 1.7211 2.1514 2.5817 3.0119 3.4422 3.8725 4.3028
28.4012 29.9934 30.6221 31.2664 31.7244 32.1012 32.5321 32.5436 32.9506 33.2166 34.6162 35.2294 35.62 35.7769 35.9699 36.0165 36.047 36.0899 36.1132
0.9526 0.9639 0.9678 0.9715 0.974 0.976 0.978 0.9789 0.9805 0.9816 0.9866 0.9884 0.9893 0.9896 0.99 0.9901 0.9902 0.9902 0.9903

../logs/mip_vax_c128f128/ship
0.1194 0.2389 0.3583 0.4778 0.5972 0.7167 0.8361 0.9556 1.075 1.1944 2.3939 3.5908 4.7878 5.9847 7.1817 8.3786 9.5756 10.7725 11.9694
25.5348 26.7701 27.3696 27.7951 28.0757 28.28 28.4342 28.6672 28.7612 28.8686 29.5862 29.906 30.1149 30.2457 30.3342 30.3808 30.418 30.4336 30.4479
0.8065 0.8256 0.8361 0.8428 0.8481 0.8519 0.8548 0.8576 0.8596 0.8611 0.8716 0.8768 0.8793 0.8809 0.882 0.8825 0.883 0.8832 0.8834

../logs/mip_vax_c600/chair
0.0631 0.1261 0.1892 0.2522 0.3153 0.3783 0.4414 0.5044 0.5675 0.6306 1.2689 1.9033 2.5378 3.1722 3.8067 4.4411 5.0756 5.71 6.3444
28.4264 29.52 30.3067 30.6828 31.0309 31.398 31.6035 31.7328 31.9899 32.0367 33.0004 33.525 33.8354 34.0341 34.1587 34.2179 34.2724 34.2972 34.3161
0.9178 0.9325 0.9415 0.9464 0.9502 0.9534 0.9554 0.9572 0.959 0.9601 0.9677 0.9713 0.9733 0.9743 0.975 0.9753 0.9756 0.9757 0.9758

../logs/mip_vax_c600/drums
0.0664 0.1328 0.1992 0.2656 0.3319 0.3983 0.4647 0.5311 0.5975 0.6639 1.3367 2.005 2.6733 3.3417 4.01 4.6783 5.3467 6.015 6.6833
23.0728 23.8722 24.1891 24.4955 24.64 24.7973 24.8743 24.9894 25.0504 25.0843 25.3563 25.4965 25.5427 25.5895 25.5784 25.5771 25.5907 25.5926 25.5899
0.8935 0.9066 0.9114 0.9162 0.9185 0.9202 0.9215 0.9233 0.9238 0.9247 0.929 0.9312 0.9321 0.9328 0.9328 0.9328 0.933 0.933 0.933

../logs/mip_vax_c600/ficus
0.0564 0.1128 0.1692 0.2256 0.2819 0.3383 0.3947 0.4511 0.5075 0.5639 1.1372 1.7058 2.2744 2.8431 3.4117 3.9803 4.5489 5.1175 5.6861
26.3053 28.295 29.1854 29.9092 30.2349 30.4778 30.7672 31.0787 31.2185 31.2852 32.2808 32.601 32.8913 33.01 33.0723 33.1312 33.1361 33.1637 33.1648
0.9288 0.9489 0.956 0.9614 0.9639 0.9658 0.9678 0.9695 0.9704 0.9709 0.9758 0.9774 0.9784 0.9789 0.9792 0.9794 0.9795 0.9795 0.9795

../logs/mip_vax_c600/hotdog
0.0836 0.1672 0.2508 0.3344 0.4181 0.5017 0.5853 0.6689 0.7525 0.8361 1.6767 2.515 3.3533 4.1917 5.03 5.8683 6.7067 7.545 8.3833
31.6603 32.9399 33.7151 34.1484 34.4536 34.8252 34.9317 35.1267 35.4761 35.4529 36.2618 36.7009 36.9109 37.0414 37.0989 37.1508 37.1885 37.2058 37.2135
0.9509 0.9589 0.9629 0.9654 0.9675 0.9692 0.9699 0.9711 0.9725 0.9724 0.9767 0.9785 0.9793 0.9798 0.9801 0.9803 0.9804 0.9805 0.9805

../logs/mip_vax_c600/lego
0.0878 0.1756 0.2633 0.3511 0.4389 0.5267 0.6144 0.7022 0.79 0.8778 1.7633 2.645 3.5267 4.4083 5.29 6.1717 7.0533 7.935 8.8167
27.279 29.0966 30.0438 30.5331 31.3154 31.8101 32.2708 32.5292 32.7347 32.9322 34.1202 34.6791 34.9208 35.1685 35.2432 35.3221 35.3628 35.4021 35.4024
0.8973 0.9253 0.9373 0.9443 0.9495 0.9545 0.9579 0.9599 0.9618 0.9631 0.9704 0.9734 0.9748 0.9758 0.9761 0.9764 0.9766 0.9768 0.9768

../logs/mip_vax_c600/materials
0.0694 0.1389 0.2083 0.2778 0.3472 0.4167 0.4861 0.5556 0.625 0.6944 1.3972 2.0958 2.7944 3.4931 4.1917 4.8903 5.5889 6.2875 6.9861
25.2912 26.662 27.2565 27.8135 27.6248 28.5258 28.3135 28.8849 29.0447 29.0534 29.8718 30.1509 30.2783 30.3233 30.3757 30.383 30.4063 30.4094 30.4065
0.9035 0.9219 0.9293 0.9357 0.9367 0.9426 0.9417 0.9452 0.9468 0.9469 0.9528 0.9547 0.9556 0.956 0.9562 0.9563 0.9564 0.9564 0.9564

../logs/mip_vax_c600/mic
0.0456 0.0911 0.1367 0.1822 0.2278 0.2733 0.3189 0.3644 0.41 0.4556 0.9189 1.3783 1.8378 2.2972 2.7567 3.2161 3.6756 4.135 4.5944
28.7443 29.9273 30.3934 31.0237 31.4735 31.8974 31.997 32.186 32.5322 32.9032 34.6194 35.3718 35.7966 36.03 36.241 36.3334 36.388 36.4369 36.4455
0.954 0.963 0.9661 0.9696 0.972 0.9742 0.9751 0.9765 0.978 0.9794 0.9858 0.9881 0.9892 0.9897 0.9901 0.9903 0.9904 0.9905 0.9905

../logs/mip_vax_c600/ship
0.1594 0.3189 0.4783 0.6378 0.7972 0.9567 1.1161 1.2756 1.435 1.5944 3.1933 4.79 6.3867 7.9833 9.58 11.1767 12.7733 14.37 15.9667
25.5707 26.7852 27.363 27.8422 28.1486 28.4605 28.6069 28.8431 28.8614 29.1152 29.8536 30.1923 30.4147 30.5522 30.6258 30.6745 30.7114 30.7273 30.737
0.8061 0.8253 0.8358 0.8435 0.8485 0.8539 0.8566 0.86 0.8619 0.8645 0.8752 0.8798 0.8825 0.8841 0.885 0.8855 0.8859 0.8861 0.8862

../logs/mip_vax_c64f128/chair
0.0381 0.0761 0.1142 0.1522 0.1903 0.2283 0.2664 0.3044 0.3425 0.3806 0.7667 1.15 1.5333 1.9167 2.3 2.6833 3.0667 3.45 3.8333
28.4459 29.0792 30.2852 30.7776 31.1632 31.2933 31.7325 31.8859 32.1304 32.2141 33.1749 33.7879 34.0944 34.3031 34.4375 34.506 34.5445 34.5777 34.6067
0.917 0.9304 0.9423 0.9476 0.9511 0.9538 0.9574 0.9592 0.9612 0.9622 0.9697 0.9734 0.9752 0.9764 0.9771 0.9774 0.9777 0.9778 0.9779

../logs/mip_vax_c64f128/drums
0.0386 0.0772 0.1158 0.1544 0.1931 0.2317 0.2703 0.3089 0.3475 0.3861 0.8111 1.2167 1.6222 2.0278 2.4333 2.8389 3.2444 3.65 4.0556
22.8025 23.4659 23.949 24.2775 24.3765 24.5678 24.573 24.6952 24.7685 24.8294 25.1437 25.2606 25.3106 25.3477 25.3541 25.3746 25.3691 25.3682 25.3715
0.8883 0.8999 0.9069 0.9116 0.914 0.9165 0.9169 0.9183 0.919 0.9201 0.9249 0.9272 0.9284 0.9289 0.9291 0.9293 0.9294 0.9295 0.9295

../logs/mip_vax_c64f128/ficus
0.0306 0.0611 0.0917 0.1222 0.1528 0.1833 0.2139 0.2444 0.275 0.3056 0.6161 0.9242 1.2322 1.5403 1.8483 2.1564 2.4644 2.7725 3.0806
25.7665 26.9264 28.1409 28.5958 28.9482 29.2214 29.4313 29.507 29.7796 29.8463 30.661 31.0515 31.2439 31.3415 31.4082 31.4462 31.4848 31.4974 31.5191
0.9219 0.9371 0.9461 0.9506 0.9538 0.956 0.9577 0.9586 0.9605 0.9611 0.9665 0.9691 0.9703 0.9708 0.9713 0.9715 0.9717 0.9718 0.9719

../logs/mip_vax_c64f128/hotdog
0.0553 0.1106 0.1658 0.2211 0.2764 0.3317 0.3869 0.4422 0.4975 0.5528 1.115 1.6725 2.23 2.7875 3.345 3.9025 4.46 5.0175 5.575
31.4657 33.1212 33.848 34.0587 34.582 34.7743 35.186 35.2145 35.474 35.4995 36.2877 36.6904 36.8814 37.0258 37.0888 37.1343 37.1506 37.1662 37.1761
0.9508 0.9593 0.9634 0.9655 0.9675 0.9691 0.9707 0.9713 0.9724 0.9727 0.9769 0.9786 0.9794 0.9799 0.9802 0.9804 0.9805 0.9805 0.9806

../logs/mip_vax_c64f128/lego
0.0522 0.1044 0.1567 0.2089 0.2611 0.3133 0.3656 0.4178 0.47 0.5222 1.0572 1.5858 2.1144 2.6431 3.1717 3.7003 4.2289 4.7575 5.2861
26.9011 28.6289 29.7447 30.4509 30.9778 31.2331 31.7673 31.9 32.0848 32.2616 33.3513 33.8799 34.2247 34.351 34.5243 34.5906 34.6467 34.6538 34.6912
0.895 0.9219 0.9353 0.9429 0.9477 0.9512 0.955 0.9564 0.958 0.9594 0.9672 0.9703 0.972 0.9727 0.9734 0.9737 0.9739 0.974 0.9742

../logs/mip_vax_c64f128/materials
0.0422 0.0844 0.1267 0.1689 0.2111 0.2533 0.2956 0.3378 0.38 0.4222 0.8506 1.2758 1.7011 2.1264 2.5517 2.9769 3.4022 3.8275 4.2528
25.2937 26.2824 27.3455 27.9557 28.2114 28.1584 28.6821 28.9363 29.0341 29.1004 29.8648 30.1193 30.3163 30.399 30.4357 30.4706 30.4922 30.4983 30.5074
0.9055 0.92 0.931 0.937 0.9392 0.9406 0.9437 0.9459 0.9469 0.9471 0.9531 0.955 0.9562 0.9567 0.957 0.9572 0.9572 0.9573 0.9573

../logs/mip_vax_c64f128/mic
0.0283 0.0567 0.085 0.1133 0.1417 0.17 0.1983 0.2267 0.255 0.2833 0.5911 0.8867 1.1822 1.4778 1.7733 2.0689 2.3644 2.66 2.9556
28.628 29.7642 30.2064 30.8361 31.441 31.6441 31.9343 32.0912 32.085 32.5703 33.8874 34.4912 34.8572 35.0838 35.151 35.2356 35.2828 35.2968 35.3135
0.9536 0.9622 0.9659 0.9692 0.972 0.9734 0.9747 0.9758 0.9767 0.9782 0.9841 0.9863 0.9873 0.9878 0.9881 0.9883 0.9884 0.9885 0.9885

../logs/mip_vax_c64f128/ship
0.0681 0.1361 0.2042 0.2722 0.3403 0.4083 0.4764 0.5444 0.6125 0.6806 1.49 2.235 2.98 3.725 4.47 5.215 5.96 6.705 7.45
25.2004 25.9359 26.8883 27.3455 27.4511 27.7228 27.8875 28.0581 28.1161 28.2198 28.8722 29.1311 29.3538 29.4213 29.5157 29.5622 29.5827 29.611 29.6194
0.8037 0.8171 0.8297 0.8365 0.8394 0.8427 0.8462 0.8483 0.8498 0.8517 0.8621 0.867 0.87 0.8712 0.8724 0.873 0.8733 0.8736 0.8737

../logs/mip_vax_c800/chair
0.0808 0.1617 0.2425 0.3233 0.4042 0.485 0.5658 0.6467 0.7275 0.8083 1.6228 2.4342 3.2456 4.0569 4.8683 5.6797 6.4911 7.3025 8.1139
28.293 29.7234 30.3844 30.8206 31.2226 31.5296 31.7642 31.9805 32.1759 32.3523 33.4111 33.8961 34.2614 34.4755 34.6094 34.6821 34.7328 34.7617 34.7805
0.9175 0.9349 0.9431 0.9486 0.9524 0.9553 0.9582 0.9596 0.9615 0.9625 0.9705 0.974 0.9758 0.9769 0.9776 0.9779 0.9781 0.9783 0.9784

../logs/mip_vax_c800/drums
0.0831 0.1661 0.2492 0.3322 0.4153 0.4983 0.5814 0.6644 0.7475 0.8306 1.6672 2.5008 3.3344 4.1681 5.0017 5.8353 6.6689 7.5025 8.3361
23.0996 23.882 24.2712 24.5821 24.7701 24.8369 24.903 25.0251 25.1181 25.1624 25.4051 25.5095 25.5413 25.5749 25.5737 25.5664 25.5711 25.5777 25.5784
0.8944 0.9067 0.9122 0.917 0.9198 0.9207 0.9218 0.924 0.9248 0.9257 0.9297 0.9316 0.9323 0.9327 0.9329 0.9329 0.9329 0.933 0.933

../logs/mip_vax_c800/ficus
0.0725 0.145 0.2175 0.29 0.3625 0.435 0.5075 0.58 0.6525 0.725 1.4578 2.1867 2.9156 3.6444 4.3733 5.1022 5.8311 6.56 7.2889
26.17 28.334 29.3742 29.9772 30.3876 30.787 31.0623 31.3555 31.5398 31.688 32.7308 33.1671 33.404 33.5091 33.5937 33.6317 33.6476 33.6904 33.6863
0.9276 0.9496 0.9575 0.9625 0.9657 0.9677 0.9691 0.9709 0.9723 0.9725 0.9777 0.9795 0.9803 0.9808 0.981 0.9812 0.9813 0.9814 0.9814

../logs/mip_vax_c800/hotdog
0.1083 0.2167 0.325 0.4333 0.5417 0.65 0.7583 0.8667 0.975 1.0833 2.1706 3.2558 4.3411 5.4264 6.5117 7.5969 8.6822 9.7675 10.8528
31.5244 33.2333 33.5771 34.2435 34.5515 34.8828 34.9882 35.2781 35.441 35.6041 36.3444 36.7638 37.01 37.126 37.1921 37.2486 37.2777 37.2943 37.3046
0.9512 0.9599 0.963 0.966 0.968 0.9699 0.9707 0.9719 0.9729 0.9734 0.9774 0.9791 0.98 0.9805 0.9807 0.9809 0.981 0.981 0.9811

../logs/mip_vax_c800/lego
0.1153 0.2306 0.3458 0.4611 0.5764 0.6917 0.8069 0.9222 1.0375 1.1528 2.3067 3.46 4.6133 5.7667 6.92 8.0733 9.2267 10.38 11.5333
27.1087 29.1625 29.9855 31.0555 31.7035 32.0402 32.362 32.6754 32.9712 33.0888 34.463 35.0962 35.4351 35.6588 35.7728 35.8657 35.9088 35.9216 35.94
0.8961 0.9266 0.938 0.9474 0.9527 0.9563 0.9591 0.961 0.9633 0.9646 0.972 0.9751 0.9765 0.9774 0.9778 0.9781 0.9783 0.9784 0.9785

../logs/mip_vax_c800/materials
0.0894 0.1789 0.2683 0.3578 0.4472 0.5367 0.6261 0.7156 0.805 0.8944 1.795 2.6925 3.59 4.4875 5.385 6.2825 7.18 8.0775 8.975
25.4556 26.504 27.0994 27.8344 28.0277 28.6426 28.7708 28.5219 28.9329 29.0118 29.9284 30.2176 30.3525 30.4079 30.4558 30.4733 30.4877 30.4976 30.5004
0.9047 0.9213 0.9279 0.936 0.9388 0.943 0.944 0.9438 0.9463 0.9471 0.9533 0.9552 0.956 0.9564 0.9567 0.9568 0.9569 0.9569 0.9569

../logs/mip_vax_c800/mic
0.0572 0.1144 0.1717 0.2289 0.2861 0.3433 0.4006 0.4578 0.515 0.5722 1.1494 1.7242 2.2989 2.8736 3.4483 4.0231 4.5978 5.1725 5.7472
28.6625 30.0339 30.7027 31.1532 31.6871 32.0183 32.3287 32.6368 32.8998 33.1832 34.9621 35.8404 36.3079 36.5382 36.7204 36.8057 36.8674 36.9172 36.9338
0.9539 0.9636 0.9677 0.9708 0.9733 0.9752 0.9769 0.9784 0.9796 0.9808 0.9871 0.9894 0.9904 0.9908 0.9912 0.9913 0.9914 0.9915 0.9915

../logs/mip_vax_c800/ship
0.2011 0.4022 0.6033 0.8044 1.0056 1.2067 1.4078 1.6089 1.81 2.0111 4.0244 6.0367 8.0489 10.0611 12.0733 14.0856 16.0978 18.11 20.1222
25.6389 26.742 27.4828 27.9074 28.3042 28.6225 28.6974 29.0537 29.1531 29.3403 30.1349 30.5176 30.7523 30.8975 30.9668 31.0287 31.0474 31.071 31.0778
0.8069 0.826 0.8379 0.8448 0.8514 0.8565 0.8593 0.8627 0.8649 0.8673 0.8782 0.883 0.8856 0.8872 0.888 0.8885 0.8888 0.889 0.8891

