Bike
1026	2339	3592	4777	5973	17019	27644	42521	57044	71430
27.09	29.14	30.13	30.27	30.72	32.36	32.83	33.35	33.57	33.66
0.95	0.964	0.969	0.97	0.972	0.98	0.982	0.985	0.985	0.986

Lifestyle
1298	2785	4115	5444	6755	19343	31648	50769	69455	88172
25.49	28.22	28.89	29.22	29.45	31	31.35	31.81	31.96	32.01
0.895	0.924	0.93	0.933	0.936	0.95	0.954	0.96	0.962	0.963

Palace
1398	3125	4707	6268	7813	23246	38176	63696	89004	114329
25.7	27.82	28.26	28.47	28.74	30.5	31.06	31.85	32.13	32.36
0.814	0.851	0.859	0.865	0.871	0.919	0.929	0.946	0.95	0.952

Robot
1169	2449	3656	4816	5968	16904	27434	42293	56676	70916
24.56	26.38	27.22	27.61	27.96	30.35	31.17	32.3	32.93	33.27
0.924	0.945	0.953	0.957	0.959	0.974	0.978	0.984	0.986	0.987

Spaceship
1224	2758	4166	5528	6874	19783	32366	50866	68820	86670
29.54	31.95	32.25	32.83	33.23	34.71	35.06	35.43	35.59	35.59
0.948	0.965	0.968	0.971	0.973	0.981	0.983	0.985	0.985	0.985

Steamtrain
1238	2755	4204	5597	7001	20169	32781	51733	70258	88844
26.23	28.09	28.98	29.48	29.8	32.04	32.72	33.5	33.92	34.09
0.919	0.942	0.95	0.954	0.958	0.974	0.978	0.982	0.984	0.985

Toad
1293	3098	4821	6552	8242	25757	42882	73629	103964	134243
25.04	26.41	26.65	27.06	27.23	28.38	28.8	29.59	30.07	30.4
0.821	0.86	0.866	0.876	0.882	0.912	0.921	0.939	0.946	0.95

Wineholder
1403	2845	4074	5322	6582	17650	28425	43377	57880	72535
23.76	25.72	26.39	26.75	27.06	28.45	28.85	29.62	29.97	30.13
0.875	0.902	0.91	0.914	0.918	0.934	0.938	0.951	0.954	0.956
